1.0.0
Rendering([None, [Trajectory(Solid(Configuration(Vector(-0.006313436202826249, 0.0013121725564649784, -0.10027181588919182), Basis(Matrix(Vector(-0.27899110603922883, 0.9602936856769431, 0.0), Vector(0.2679133974894982, 0.07783603724899232, -0.9602936856769431), Vector(-0.9221639627510076, -0.26791339748949794, -0.27899110603922916)), Matrix(Vector(-0.27899110603922894, 0.26791339748949833, -0.9221639627510078), Vector(0.9602936856769434, 0.07783603724899237, -0.267913397489498), Vector(-1.3877787807814457e-17, -0.9602936856769432, -0.2789911060392292)))), Volume(5.2917721066999994e-11), Quantity(1.6735328363560003e-27, Unit([1, 0, 0, 0, 0, 0, 0])), Quantity(0, Unit([0, 0, 1, 1, 0, 0, 0])), Quantity(0, Unit([0, 0, 0, 1, 0, 0, 0])), Quantity(Vector(0, 0, 9.27298764342984e-24), Unit([0, 2, 0, 1, 0, 0, 0]))), {'times': Storage(Unit([0, 0, 1, 0, 0, 0, 0]), (int, float, complex), [0, 0.0005, 0.001, 0.0015, 0.002, 0.0025, 0.003, 0.0035, 0.004, 0.0045000000000000005, 0.005000000000000001, 0.005500000000000001, 0.006000000000000002, 0.006500000000000002, 0.007000000000000003, 0.007500000000000003, 0.008000000000000004, 0.008500000000000004, 0.009000000000000005, 0.009500000000000005, 0.010000000000000005, 0.010500000000000006, 0.011000000000000006, 0.011500000000000007, 0.012000000000000007, 0.012500000000000008, 0.013000000000000008, 0.013500000000000009, 0.014000000000000009, 0.01450000000000001, 0.01500000000000001, 0.01550000000000001, 0.01600000000000001, 0.01650000000000001, 0.01700000000000001, 0.017500000000000012, 0.018000000000000013, 0.018500000000000013, 0.019000000000000013, 0.019500000000000014, 0.020000000000000014, 0.020500000000000015, 0.021000000000000015, 0.021500000000000016, 0.022000000000000016, 0.022500000000000017, 0.023000000000000017, 0.023500000000000017, 0.024000000000000018, 0.02450000000000002, 0.02500000000000002, 0.02550000000000002, 0.02600000000000002, 0.02650000000000002, 0.02700000000000002, 0.02750000000000002, 0.02800000000000002, 0.028500000000000022, 0.029000000000000022, 0.029500000000000023, 0.030000000000000023, 0.030500000000000024, 0.031000000000000024, 0.03150000000000002, 0.03200000000000002, 0.03250000000000002, 0.03300000000000002, 0.03350000000000002, 0.03400000000000002, 0.034500000000000024, 0.035000000000000024, 0.035500000000000025, 0.036000000000000025, 0.036500000000000025, 0.037000000000000026, 0.037500000000000026, 0.03800000000000003, 0.03850000000000003, 0.03900000000000003, 0.03950000000000003, 0.04000000000000003, 0.04050000000000003, 0.04100000000000003, 0.04150000000000003, 0.04200000000000003, 0.04250000000000003, 0.04300000000000003, 0.04350000000000003, 0.04400000000000003, 0.04450000000000003, 0.04500000000000003, 0.045500000000000033, 0.046000000000000034, 0.046500000000000034, 0.047000000000000035, 0.047500000000000035, 0.048000000000000036, 0.048500000000000036, 0.04900000000000004, 0.04950000000000004, 0.05000000000000004, 0.05050000000000004, 0.05100000000000004, 0.05150000000000004, 0.05200000000000004, 0.05250000000000004, 0.05300000000000004, 0.05350000000000004, 0.05400000000000004, 0.05450000000000004, 0.05500000000000004, 0.05550000000000004, 0.05600000000000004, 0.05650000000000004, 0.057000000000000044, 0.057500000000000044, 0.058000000000000045, 0.058500000000000045, 0.059000000000000045, 0.059500000000000046, 0.060000000000000046, 0.06050000000000005, 0.06100000000000005, 0.06150000000000005, 0.06200000000000005, 0.06250000000000004, 0.06300000000000004, 0.06350000000000004, 0.06400000000000004, 0.06450000000000004, 0.06500000000000004, 0.06550000000000004, 0.06600000000000004, 0.06650000000000005, 0.06700000000000005, 0.06750000000000005, 0.06800000000000005, 0.06850000000000005, 0.06900000000000005, 0.06950000000000005, 0.07000000000000005, 0.07050000000000005, 0.07100000000000005, 0.07150000000000005, 0.07200000000000005, 0.07250000000000005, 0.07300000000000005, 0.07350000000000005, 0.07400000000000005, 0.07450000000000005, 0.07500000000000005, 0.07550000000000005, 0.07600000000000005, 0.07650000000000005, 0.07700000000000005, 0.07750000000000005, 0.07800000000000006, 0.07850000000000006, 0.07900000000000006, 0.07950000000000006, 0.08000000000000006, 0.08050000000000006, 0.08100000000000006, 0.08150000000000006, 0.08200000000000006, 0.08250000000000006, 0.08300000000000006, 0.08350000000000006, 0.08400000000000006, 0.08450000000000006, 0.08500000000000006, 0.08550000000000006, 0.08600000000000006, 0.08650000000000006, 0.08700000000000006, 0.08750000000000006, 0.08800000000000006, 0.08850000000000006, 0.08900000000000007, 0.08950000000000007, 0.09000000000000007, 0.09050000000000007, 0.09100000000000007, 0.09150000000000007, 0.09200000000000007, 0.09250000000000007, 0.09300000000000007, 0.09350000000000007, 0.09400000000000007, 0.09450000000000007, 0.09500000000000007, 0.09550000000000007, 0.09600000000000007, 0.09650000000000007, 0.09700000000000007, 0.09750000000000007, 0.09800000000000007, 0.09850000000000007, 0.09900000000000007, 0.09950000000000007, 0.10000000000000007, 0.10050000000000008, 0.10100000000000008, 0.10150000000000008, 0.10200000000000008, 0.10250000000000008, 0.10300000000000008, 0.10350000000000008, 0.10400000000000008, 0.10450000000000008, 0.10500000000000008, 0.10550000000000008, 0.10600000000000008, 0.10650000000000008, 0.10700000000000008, 0.10750000000000008, 0.10800000000000008, 0.10850000000000008, 0.10900000000000008, 0.10950000000000008, 0.11000000000000008, 0.11050000000000008, 0.11100000000000008, 0.11150000000000009, 0.11200000000000009, 0.11250000000000009, 0.11300000000000009, 0.11350000000000009, 0.11400000000000009, 0.11450000000000009, 0.11500000000000009, 0.11550000000000009, 0.11600000000000009, 0.11650000000000009, 0.11700000000000009, 0.11750000000000009, 0.11800000000000009, 0.11850000000000009, 0.11900000000000009, 0.11950000000000009, 0.12000000000000009, 0.1205000000000001, 0.1210000000000001, 0.1215000000000001, 0.1220000000000001, 0.1225000000000001, 0.1230000000000001, 0.1235000000000001, 0.1240000000000001, 0.1245000000000001, 0.12500000000000008, 0.12550000000000008, 0.12600000000000008, 0.12650000000000008, 0.12700000000000009, 0.12750000000000009, 0.12800000000000009, 0.1285000000000001, 0.1290000000000001, 0.1295000000000001, 0.1300000000000001, 0.1305000000000001, 0.1310000000000001, 0.1315000000000001, 0.1320000000000001, 0.1325000000000001, 0.1330000000000001, 0.1335000000000001, 0.1340000000000001, 0.1345000000000001, 0.1350000000000001, 0.1355000000000001, 0.1360000000000001, 0.1365000000000001, 0.1370000000000001, 0.1375000000000001, 0.1380000000000001, 0.1385000000000001, 0.1390000000000001, 0.1395000000000001, 0.1400000000000001, 0.1405000000000001, 0.1410000000000001, 0.1415000000000001, 0.1420000000000001, 0.1425000000000001, 0.1430000000000001, 0.1435000000000001, 0.1440000000000001, 0.1445000000000001, 0.1450000000000001, 0.1455000000000001, 0.1460000000000001, 0.1465000000000001, 0.1470000000000001, 0.1475000000000001, 0.1480000000000001, 0.1485000000000001, 0.1490000000000001, 0.1495000000000001, 0.1500000000000001, 0.1505000000000001, 0.1510000000000001, 0.1515000000000001, 0.1520000000000001, 0.1525000000000001, 0.1530000000000001, 0.1535000000000001, 0.1540000000000001, 0.1545000000000001, 0.1550000000000001, 0.1555000000000001, 0.1560000000000001, 0.1565000000000001, 0.1570000000000001]), 'mEtoB': Storage(Unit([0, 0, 0, 0, 0, 0, 0]), Matrix, [[[-0.9408807689542256, 0.07389338790623139, 0.3305800142716502], [-0.3387379202452911, -0.20524678070734642, -0.9182213134082468], [0.0, -0.9759167619387474, 0.21814324139654276]], [[-0.4539904997395471, 0.027987191268321405, 0.8905668662549414], [-0.8910065241883678, -0.01426018621107802, -0.45376648283339405], [0.0, -0.9995065603657316, 0.03141075907812839]], [[-0.6129070536529767, 0.07436015547484608, -0.7866482764617133], [0.7901550123756902, 0.05767964904030184, -0.6101869504538429], [-1.3877787807814457e-17, -0.99556196460308, -0.0941083133185144]], [[-0.3971478906347803, 0.14356845390707093, 0.9064555433153231], [-0.9177546256839813, -0.06212761781330797, -0.3922583410719253], [0.0, -0.9876883405951377, 0.1564344650402309]], [[-0.18738131458572477, -0.8607848795354714, -0.47322049206181843], [0.9822872507286886, -0.16420349768687126, -0.09027163675968221], [1.2161198160219093e-17, -0.4817536741017152, 0.8763066800438635]], [[0.8763066800438635, -0.4666184965467716, 0.11980726685361001], [-0.4817536741017152, -0.8487758942750213, 0.21792860938191738], [-5.37671663374612e-17, -0.24868988716485527, -0.968583161128631]], [[-0.7501110696304595, 0.16446157316811869, -0.6405355370070545], [0.661311865323652, 0.18654503726750754, -0.7265449510202493], [2.7755575615628914e-17, -0.9685831611286311, -0.24868988716485482]], [[0.7705132427757891, 0.040024183476767956, -0.6361661791105808], [0.6374239897486895, -0.04838092681810779, 0.7689928108981795], [-6.938893903907228e-18, -0.9980267284282714, -0.0627905195293134]], [[0.2181432413965426, -0.8552023776537014, 0.4701514856814405], [-0.9759167619387475, -0.1911603796422114, 0.10509130802324178], [0.0, -0.48175367410171527, -0.8763066800438637]], [[0.8763066800438637, -0.07536287828926748, 0.4758224869491337], [-0.48175367410171516, -0.1370845667038425, 0.865517890664958], [2.7755575615628914e-17, -0.9876883405951377, -0.1564344650402308]], [[-2.449293598294707e-16, -0.9759167619387474, 0.21814324139654281], [-1.0, 2.3903066774850735e-16, -5.342968446638091e-17], [-6.014551408151242e-33, -0.21814324139654281, -0.9759167619387474]], [[0.8763066800438637, 0.4626250112915449, 0.13440499037609988], [-0.48175367410171516, 0.8415117715626476, 0.24448176989500253], [2.6653504006017374e-17, -0.2789911060392293, 0.960293685676943]], [[0.9759167619387477, 0.19116037964221116, -0.10509130802324165], [0.2181432413965424, -0.8552023776537016, 0.4701514856814406], [0.0, -0.4817536741017153, -0.8763066800438637]], [[-0.9822872507286887, -0.12391748667548358, -0.14055679831265952], [0.1873813145857246, -0.6495982140630309, -0.73682454032846], [2.7755575615628914e-17, -0.7501110696304596, 0.6613118653236519]], [[0.7705132427757893, 0.6220727560576186, 0.13904973526769568], [-0.6374239897486897, 0.7519567889206722, 0.16808225631807175], [-2.7087131480550626e-17, -0.2181432413965425, 0.9759167619387474]], [[0.9980267284282717, 0.041524115594571434, -0.047099863766785544], [0.06279051952931342, -0.660006917419762, 0.7486308967811192], [-6.938893903907228e-18, -0.7501110696304597, -0.6613118653236518]], [[-0.36812455268467786, 0.8284369149633659, -0.42210969147448707], [0.9297764858882512, 0.3280013781559725, -0.16712504963971409], [-2.4730398956128938e-17, -0.4539904997395469, -0.8910065241883679]], [[-0.5877852522924732, -0.38974690945085766, 0.7089469964397751], [-0.8090169943749472, 0.2831677048747027, -0.515080143015162], [5.551115123125783e-17, -0.8763066800438633, -0.4817536741017154]], [[-0.4539904997395469, -0.35386136162323795, 0.8177253590884805], [-0.8910065241883677, 0.180301369339791, -0.4166518811525514], [2.7755575615628914e-17, -0.917754625683981, -0.3971478906347807]], [[0.03141075907812823, -0.6126046210205812, -0.7897651185753684], [0.9995065603657316, 0.019251875799579054, 0.024819368728108245], [3.469446951953614e-18, -0.7901550123756904, 0.6129070536529763]], [[-0.9602936856769432, -0.278440580820917, 0.017517996492261018], [-0.27899110603922933, 0.9583987654464865, -0.060297339424374596], [3.462600790913704e-18, -0.06279051952931358, -0.9980267284282714]], [[-0.45399049973954686, -0.5237204946142993, 0.7208394201673423], [-0.8910065241883678, 0.26684892042779546, -0.3672860295740686], [5.551115123125783e-17, -0.8090169943749475, -0.5877852522924731]], [[0.33873792024529137, 0.6440772074115741, 0.685872562711764], [-0.9408807689542256, 0.2318820629722171, 0.2469293167767936], [0.0, -0.7289686274214117, 0.6845471059286885]], [[0.06279051952931358, -0.24819915448033597, -0.9666718835119212], [0.9980267284282717, 0.015615367216767602, 0.0608178398946116], [-3.469446951953614e-18, -0.9685831611286311, 0.24868988716485474]], [[0.5877852522924732, -0.5897480079501013, -0.5538102421464963], [0.8090169943749472, 0.4284770085821924, 0.40236669336437664], [0.0, -0.6845471059286886, 0.7289686274214116]], [[-0.968583161128631, -0.20119434504555572, 0.14617624806978094], [-0.2486898871648549, 0.7836002378184705, -0.5693188977302336], [-2.2454732361702682e-17, -0.5877852522924731, -0.8090169943749473]], [[0.7705132427757891, 0.3415488534697652, -0.5381948749297287], [0.6374239897486895, -0.4128616413654248, 0.6505658478447126], [-1.1102230246251565e-16, -0.8443279255020147, -0.5358267949789969]], [[0.7705132427757891, 0.42153604766275043, 0.4781387907585047], [-0.6374239897486896, 0.5095495498366331, 0.5779705127029812], [0.0, -0.7501110696304594, 0.6613118653236518]], [[-0.992114701314478, 0.003936812003971153, -0.12527138917937294], [0.1253332335643046, 0.03116307586085826, -0.9916251525991088], [-8.673617379884035e-19, -0.9995065603657316, -0.03141075907812827]], [[0.891006524188368, 0.43177062311338904, -0.14029077970429513], [0.4539904997395467, -0.8473975608908426, 0.2753361580731584], [2.639712105276675e-17, -0.30901699437494756, -0.9510565162951536]], [[-0.3971478906347803, 0.9177546256839811, -1.123925264746565e-16], [0.9177546256839813, 0.3971478906347803, -4.8636589305400686e-17], [-1.232595164407831e-32, -1.224646799147353e-16, -1.0]], [[0.99556196460308, -0.08515174775253992, 0.04006937097514092], [-0.09410831331851427, -0.9008113979790845, 0.42388966799783157], [6.278498918446808e-18, -0.4257792915650729, -0.9048270524660195]], [[0.9048270524660196, 0.310379745756652, -0.291465981805238], [0.4257792915650728, -0.6595905344899157, 0.6193967401315996], [-4.0465887719632406e-17, -0.6845471059286887, -0.7289686274214113]], [[0.7705132427757891, -0.3582854292819255, -0.5272009994977287], [0.6374239897486897, 0.4330926861792144, 0.6372765353211545], [0.0, -0.8270805742745618, 0.5620833778521307]], [[0.8090169943749472, 0.3602577271632512, 0.4644414632994075], [-0.5877852522924734, 0.4958522223775356, 0.6392488332024804], [0.0, -0.7901550123756903, 0.6129070536529765]], [[-0.9822872507286888, -0.04087596734087509, 0.18286856577832583], [-0.18738131458572427, 0.2142793248564543, -0.9586305930248565], [0.0, -0.9759167619387474, -0.21814324139654237]], [[0.9921147013144779, 0.10366068279205243, -0.07044772727895411], [0.12533323356430415, -0.8205587969094136, 0.5576511825315995], [-1.147804870974769e-17, -0.5620833778521307, -0.8270805742745616]], [[0.5877852522924732, 0.794687079197354, -0.15159466792816936], [0.8090169943749472, -0.5773739594932422, 0.11013997326866541], [0.0, -0.18738131458572457, -0.9822872507286887]], [[-0.509041415750372, 0.6456521225518176, 0.5692189154404389], [-0.8607420270039431, -0.38183760085471496, -0.33663512817687113], [-0.0, -0.6613118653236518, 0.7501110696304596]], [[-0.9510565162951536, -0.04834090820338488, 0.30521248238988863], [-0.30901699437494723, 0.1487780173496579, -0.9393474323917529], [-6.938893903907228e-18, -0.9876883405951377, -0.1564344650402308]], [[0.9408807689542255, -0.06347315679559705, 0.3327379403953012], [-0.33873792024529153, -0.17630347535507015, 0.9242151837995407], [1.3877787807814457e-17, -0.9822872507286885, -0.18738131458572457]], [[-0.8910065241883683, 0.4397275533600963, 0.11290284615414371], [-0.4539904997395458, -0.8630139157846041, -0.22158431196355485], [-0.0, -0.24868988716485482, 0.9685831611286312]], [[0.2789911060392292, -0.2094815772862007, 0.9371667042360674], [-0.9602936856769432, -0.06086002419220393, 0.27227209681551434], [0.0, -0.9759167619387474, -0.21814324139654234]], [[0.3387379202452914, -0.8852566213878946, 0.3187119948743448], [-0.9408807689542255, -0.31871199487434493, 0.11474337861210539], [0.0, -0.33873792024529137, -0.9408807689542257]], [[0.3090169943749474, -0.9468356938113642, 0.08950232461911904], [-0.9510565162951535, -0.3076455660156615, 0.02908106812738313], [-3.454049423573108e-18, -0.09410831331851434, -0.99556196460308]], [[-0.24868988716485538, -0.7265449510202492, 0.6405355370070542], [-0.968583161128631, 0.18654503726750793, -0.16446157316811902], [0.0, -0.6613118653236518, -0.7501110696304597]], [[0.9510565162951535, 0.24417132701463526, 0.1893986955510475], [-0.30901699437494745, 0.751482073403178, 0.5829092472599267], [2.1931207194061675e-17, -0.6129070536529766, 0.7901550123756904]], [[0.7501110696304594, 0.5892331865265532, 0.30022930422197663], [-0.661311865323652, 0.6683538569066545, 0.34054329936169825], [0.0, -0.4539904997395467, 0.8910065241883679]], [[-0.6374239897486897, 0.7399190017680559, -0.21496634181989085], [0.7705132427757893, 0.6121142324546711, -0.17783562391592547], [0.0, -0.27899110603922955, -0.960293685676943]], [[0.9602936856769431, 0.07783603724899259, 0.2679133974894985], [-0.2789911060392295, 0.2679133974894985, 0.9221639627510072], [2.7755575615628914e-17, -0.9602936856769428, 0.2789911060392294]], [[-0.8910065241883678, 0.3754867232397797, -0.25518051360638133], [0.45399049973954686, 0.7369341877080965, -0.500819956804084], [0.0, -0.5620833778521307, -0.8270805742745616]], [[-0.3971478906347804, -0.8042345091280284, 0.44213166284710237], [-0.9177546256839814, 0.3480233495285879, -0.19132745547505162], [0.0, -0.4817536741017153, -0.8763066800438637]], [[-0.06279051952931329, 0.9960573506572391, 0.06266661678215212], [-0.9980267284282717, -0.06266661678215205, -0.003942649342761078], [-0.0, -0.06279051952931337, 0.9980267284282714]], [[-0.30901699437494723, 0.059717332759911604, -0.9491798235084413], [0.9510565162951534, 0.019403337620189854, -0.3084072199247662], [3.469446951953614e-18, -0.9980267284282714, -0.06279051952931339]], [[0.24868988716485524, -0.29930865725415495, -0.9211773269651431], [0.9685831611286309, 0.07684940146312837, 0.236518137724842], [1.3877787807814457e-17, -0.9510565162951533, 0.3090169943749474]], [[-0.4817536741017162, 0.8552023776537009, 0.1911603796422112], [-0.8763066800438633, -0.4701514856814415, -0.10509130802324196], [1.3543565740275313e-17, -0.21814324139654256, 0.9759167619387474]], [[0.7901550123756904, -0.3756550564175726, -0.48429158056431554], [0.6129070536529765, 0.48429158056431537, 0.6243449435824272], [-1.1102230246251565e-16, -0.7901550123756904, 0.6129070536529764]], [[-0.3090169943749473, 0.6724985119639573, -0.6724985119639574], [0.9510565162951536, 0.2185080122244104, -0.21850801222441046], [0.0, -0.7071067811865476, -0.7071067811865475]], [[-0.7071067811865471, -4.329780281177469e-17, -0.7071067811865479], [0.7071067811865479, -4.329780281177464e-17, -0.7071067811865471], [0.0, -1.0, 6.123233995736766e-17]], [[0.9297764858882516, -0.2163781830748172, -0.29781901916857995], [0.36812455268467775, 0.5465089063334352, 0.7522049780538138], [-5.551115123125783e-17, -0.8090169943749475, 0.5877852522924732]], [[0.8270805742745617, -0.08792921252230404, -0.5551631987468808], [0.5620833778521308, 0.12938390718180803, 0.8168978399437155], [1.3877787807814457e-17, -0.9876883405951377, 0.15643446504023092]], [[-0.6845471059286883, -0.615488568946772, -0.3906009232714534], [0.7289686274214118, -0.5779822378571777, -0.36679868178191677], [0.0, -0.5358267949789965, 0.844327925502015]], [[0.45399049973954675, -0.7669267617036342, 0.4535592225156641], [-0.8910065241883679, -0.3907687029863509, 0.2310999667246374], [0.0, -0.5090414157503711, -0.8607420270039438]], [[0.1873813145857246, 0.6261334584387521, 0.7568653348962767], [-0.9822872507286887, 0.1194413451475869, 0.14437978433703696], [0.0, -0.7705132427757891, 0.6374239897486896]], [[-0.5620833778521304, -5.0644078896114864e-17, -0.8270805742745622], [0.8270805742745619, -3.441768047702719e-17, -0.5620833778521304], [6.162975822039155e-33, -1.0, 6.123233995736766e-17]], [[0.5358267949789965, -0.8293725566548313, 0.15821127662200532], [-0.8443279255020151, -0.5263358293066833, 0.10040392923341993], [-2.7263948063868357e-17, -0.18738131458572455, -0.9822872507286887]], [[-0.7071067811865471, 0.45072682564228317, -0.5448351389607975], [0.7071067811865479, 0.4507268256422826, -0.5448351389607968], [0.0, -0.7705132427757891, -0.6374239897486896]], [[0.7501110696304596, -0.6531700188773928, -0.10345196787666265], [0.6613118653236516, 0.7408759576253524, 0.1173432238983963], [0.0, -0.15643446504023084, 0.9876883405951375]], [[-0.8763066800438637, 0.4421316628471023, -0.191327455475052], [0.48175367410171527, 0.8042345091280281, -0.34802334952858843], [0.0, -0.3971478906347811, -0.9177546256839809]], [[-0.99556196460308, 0.00885637463565567, 0.09369065729286247], [-0.09410831331851448, -0.09369065729286227, -0.9911436253643443], [0.0, -0.99556196460308, 0.09410831331851428]], [[-0.509041415750372, 0.1612869725391802, 0.8454959192923418], [-0.8607420270039432, -0.09538484966188314, -0.5000248927844723], [2.7755575615628914e-17, -0.9822872507286884, 0.18738131458572463]], [[0.6613118653236518, 0.23179706818458132, -0.7133980207171763], [0.7501110696304595, -0.20435660496680474, 0.6289449588193622], [0.0, -0.9510565162951535, -0.3090169943749471]], [[-0.6129070536529766, 0.6801196269995778, -0.4022216261619733], [0.7901550123756903, 0.5275548597262779, -0.3119950743148998], [0.0, -0.5090414157503711, -0.8607420270039438]], [[0.9995065603657316, -0.025979228656738344, 0.01765546556353389], [-0.0314107590781284, -0.8266724599384813, 0.5618060236357351], [-2.8695121774369226e-18, -0.5620833778521309, -0.8270805742745616]], [[0.6374239897486896, 0.39222315195699725, 0.6632131304202147], [-0.7705132427757893, 0.3244752101749231, 0.5486576169972281], [5.551115123125783e-17, -0.8607420270039436, 0.5090414157503713]], [[-0.9408807689542256, 0.07389338790623139, 0.3305800142716502], [-0.3387379202452911, -0.20524678070734642, -0.9182213134082468], [0.0, -0.9759167619387474, 0.21814324139654276]], [[0.5620833778521305, 0.7369341877080965, 0.37548672323977966], [-0.8270805742745617, 0.5008199568040838, 0.25518051360638117], [0.0, -0.4539904997395467, 0.8910065241883679]], [[0.9048270524660196, 0.1932997533563776, 0.3793721266487811], [-0.4257792915650727, 0.41078288572690946, 0.8062068070093541], [-2.7755575615628914e-17, -0.891006524188368, 0.4539904997395469]], [[0.5877852522924731, 0.4118231561827333, 0.6963549276189303], [-0.8090169943749475, 0.29920703698414963, 0.5059314695012478], [-1.1102230246251565e-16, -0.8607420270039439, 0.5090414157503711]], [[0.8443279255020149, -0.21280248137150357, -0.4917575196573965], [0.5358267949789968, 0.3353230546171653, 0.774885859223634], [-5.551115123125783e-17, -0.917754625683981, 0.39714789063478045]], [[0.535826794978997, 0.6830756405564744, -0.4962835027087823], [0.8443279255020149, -0.43349298317946916, 0.31495108787179704], [4.4909464723405365e-17, -0.5877852522924731, -0.8090169943749473]], [[-0.99556196460308, 0.07436015547484616, 0.05767964904030188], [-0.09410831331851448, -0.7866482764617131, -0.6101869504538426], [5.482801798515418e-18, -0.6129070536529764, 0.7901550123756903]], [[-0.3090169943749473, -5.823541592445463e-17, -0.9510565162951536], [0.9510565162951536, -1.8921833652170744e-17, -0.3090169943749473], [3.0814879110195774e-33, -1.0, 6.123233995736767e-17]], [[0.9822872507286887, 0.13249859821121557, -0.1324985982112156], [0.18738131458572457, -0.6945819760633462, 0.6945819760633463], [0.0, -0.7071067811865476, -0.7071067811865475]], [[0.3681245526846782, -0.17422274019663606, -0.9133075881153517], [0.9297764858882515, 0.06897966261333686, 0.36160405478236074], [-1.3877787807814457e-17, -0.9822872507286884, 0.1873813145857247]], [[-0.3971478906347803, -0.4166518811525512, 0.8177253590884808], [-0.9177546256839811, 0.18030136933979074, -0.3538613616232377], [-5.551115123125783e-17, -0.8910065241883678, -0.4539904997395466]], [[-0.9408807689542255, 0.3064992339340166, -0.14422759170826635], [0.3387379202452914, 0.8513343728948138, -0.4006075472525311], [0.0, -0.42577929156507294, -0.9048270524660195]], [[-0.3681245526846779, -0.84128691717848, -0.3958795734753624], [0.9297764858882513, -0.33308905394604904, -0.15673981124979144], [0.0, -0.42577929156507255, 0.9048270524660195]], [[0.6845471059286888, 0.26835124989067055, -0.6777778887266619], [0.7289686274214113, -0.2519985971615893, 0.636475802575349], [-1.1102230246251565e-16, -0.9297764858882516, -0.36812455268467775]], [[-0.8910065241883683, -0.19329975335637709, 0.41078288572690835], [-0.45399049973954575, 0.3793721266487812, -0.8062068070093544], [5.551115123125783e-17, -0.9048270524660195, -0.4257792915650726]], [[-0.2789911060392297, 0.9132935673201468, 0.29674706846512944], [-0.9602936856769431, -0.26533630938700165, -0.08621299304558502], [-0.0, -0.30901699437494745, 0.9510565162951536]], [[-0.9685831611286313, 0.24562810197664714, -0.038903669459549414], [0.24868988716485443, 0.9566582951435306, -0.1515197886581333], [6.853464605515848e-18, -0.15643446504023098, -0.9876883405951378]], [[0.9822872507286886, -0.07441809383209284, 0.1719700682277941], [-0.1873813145857247, -0.39011330962433666, 0.9014986681066545], [-4.163336342344337e-17, -0.9177546256839813, -0.3971478906347806]], [[0.6129070536529764, -0.7711255211073549, -0.17236697560535832], [0.7901550123756906, 0.5981462671704308, 0.13370153135866486], [0.0, -0.21814324139654254, 0.9759167619387474]], [[-0.5877852522924734, -0.36728602957406825, 0.7208394201673421], [-0.8090169943749475, 0.2668489204277954, -0.5237204946142995], [-5.551115123125783e-17, -0.8910065241883678, -0.4539904997395466]], [[-0.9822872507286885, 0.1840622763423389, -0.03511175705587428], [0.18738131458572457, 0.9648882429441255, -0.18406227634233893], [0.0, -0.18738131458572455, -0.9822872507286887]], [[0.33873792024529137, -0.3187119948743449, 0.8852566213878947], [-0.9408807689542253, -0.11474337861210537, 0.3187119948743449], [-2.7755575615628914e-17, -0.9408807689542253, -0.33873792024529137]], [[0.12533323356430454, -0.9799001230213372, -0.15520093255867876], [0.9921147013144778, 0.12379017348055077, 0.019606437344394285], [-3.426732302757923e-18, -0.1564344650402308, 0.9876883405951375]], [[-0.18738131458572477, 0.3327379403953011, -0.9242151837995407], [0.9822872507286886, 0.06347315679559709, -0.17630347535507035], [0.0, -0.9408807689542256, -0.33873792024529137]], [[-0.6374239897486897, -0.30600770907456937, -0.7071420927082448], [0.7705132427757893, -0.2531515929686982, -0.5849988151137985], [-1.1102230246251565e-16, -0.9177546256839813, 0.39714789063478056]], [[-0.24868988716485452, 0.1814943860178796, -0.9514268904471457], [0.968583161128631, 0.04659983798112595, -0.24428490554719276], [0.0, -0.9822872507286885, -0.1873813145857246]], [[0.36812455268467786, -0.6574512581593809, 0.657451258159381], [-0.9297764858882515, -0.2603033675246002, 0.26030336752460026], [-7.850462293418875e-17, -0.7071067811865476, -0.7071067811865475]], [[-0.9822872507286887, -0.18654970967887177, -0.017634139463068473], [0.1873813145857246, -0.9779278251400115, -0.09244139636035748], [0.0, -0.09410831331851431, 0.99556196460308]], [[0.9685831611286311, 0.11980726685360976, 0.2179286093819169], [-0.24868988716485477, 0.46661849654677173, 0.8487758942750214], [-2.7755575615628914e-17, -0.8763066800438637, 0.48175367410171527]], [[-0.24868988716485532, -0.7060667375114299, 0.6630407998018653], [-0.9685831611286307, 0.1812871257001503, -0.17023994253243388], [2.0232943859816203e-17, -0.6845471059286887, -0.7289686274214113]], [[0.7501110696304596, 0.5225388851290009, -0.40532270692127337], [0.6613118653236517, -0.5927040215069983, 0.4597483655996876], [0.0, -0.6129070536529764, -0.7901550123756904]], [[-0.18738131458572468, 0.9133075881153518, 0.3616040547823606], [-0.9822872507286886, -0.17422274019663603, -0.06897966261333681], [-0.0, -0.3681245526846779, 0.9297764858882515]], [[0.7289686274214114, -0.5779822378571775, 0.3667986817819172], [-0.6845471059286885, -0.6154885689467715, 0.39060092327145357], [0.0, -0.535826794978997, -0.844327925502015]], [[-0.3387379202452915, -0.6858725627117639, 0.6440772074115745], [-0.9408807689542255, 0.24692931677679367, -0.23188206297221728], [-2.0232943859816203e-17, -0.6845471059286888, -0.7289686274214113]], [[-0.5358267949789972, 0.4297978825551196, 0.7267485300526387], [-0.8443279255020149, -0.27275803031309265, -0.4612086416332485], [-5.551115123125783e-17, -0.8607420270039436, 0.5090414157503713]], [[0.9876883405951377, 0.04364382442422913, -0.15022302900038415], [0.15643446504023079, -0.27555626256468846, 0.9484708768902488], [6.938893903907228e-18, -0.9602936856769432, -0.2789911060392292]], [[-0.2789911060392297, -0.6573662633717453, 0.7000239699693696], [-0.960293685676943, 0.1909825542189986, -0.20337576363219872], [5.551115123125783e-17, -0.7289686274214113, -0.6845471059286888]], [[-0.960293685676943, -0.2702260874142501, -0.06938226668089405], [0.2789911060392296, -0.9301242936848374, -0.2388153283361215], [0.0, -0.24868988716485477, 0.9685831611286312]], [[-0.15643446504023073, -0.9833049447784515, -0.09294968381777072], [0.9876883405951377, -0.15574020334708394, -0.014721783649820207], [-1.727024711786554e-18, -0.09410831331851433, 0.99556196460308]], [[-0.3681245526846778, 0.20282445640595, 0.9073844574348499], [-0.9297764858882512, -0.08030388316028797, -0.3592589214461806], [-1.3877787807814457e-17, -0.9759167619387473, 0.2181432413965427]], [[-0.6374239897486897, -0.4911436253643445, -0.5936906572928622], [0.7705132427757894, -0.4063093427071378, -0.49114362536434425], [0.0, -0.7705132427757894, 0.6374239897486897]], [[0.7501110696304596, 0.1034519678766627, 0.6531700188773929], [-0.6613118653236518, 0.1173432238983963, 0.7408759576253522], [2.7755575615628914e-17, -0.9876883405951377, 0.1564344650402309]], [[-0.5877852522924726, -0.36728602957406853, -0.7208394201673424], [0.8090169943749477, -0.26684892042779523, -0.5237204946142989], [-5.551115123125783e-17, -0.8910065241883676, 0.4539904997395468]], [[-0.8443279255020152, 0.34154885346976505, -0.41286164136542447], [0.5358267949789964, 0.5381948749297291, -0.6505658478447128], [1.1102230246251565e-16, -0.770513242775789, -0.6374239897486897]], [[0.2789911060392293, -0.6121142324546712, 0.7399190017680558], [-0.9602936856769432, -0.1778356239159253, 0.21496634181989063], [2.7755575615628914e-17, -0.7705132427757891, -0.6374239897486896]], [[-0.6845471059286883, -0.6690143297945033, -0.289508352719345], [0.7289686274214118, -0.628246272964636, -0.2718664391597223], [5.0945615819529896e-17, -0.39714789063478056, 0.9177546256839811]], [[-0.9510565162951536, 0.057904010635307125, 0.3035434538330096], [-0.30901699437494723, -0.17821022026870564, -0.9342106906791708], [0.0, -0.9822872507286886, 0.18738131458572474]], [[0.9876883405951377, -0.13938412895876287, 0.07101976096010312], [-0.15643446504023092, -0.8800367553350504, 0.4484011233337104], [0.0, -0.4539904997395469, -0.8910065241883679]], [[-0.8443279255020153, 0.08382177802676072, -0.529229877979216], [0.5358267949789962, 0.1320819873444356, -0.8339328476572205], [0.0, -0.9876883405951377, -0.1564344650402308]], [[0.9759167619387474, 0.21427932485645426, -0.04087596734087516], [0.21814324139654234, -0.9586305930248563, 0.1828685657783261], [-6.815987015967089e-18, -0.18738131458572455, -0.9822872507286887]], [[-0.48175367410171605, -0.4221639627510075, 0.7679133974894978], [-0.8763066800438631, 0.23208660251050212, -0.42216396275100815], [0.0, -0.8763066800438635, -0.48175367410171543]], [[-1.0, -1.5510052370951512e-16, -9.842978540526196e-17], [1.8369701987210294e-16, -0.8443279255020151, -0.5358267949789965], [-1.040714518148279e-32, -0.5358267949789965, 0.844327925502015]], [[-0.9822872507286887, 0.18728885321838673, -0.005885789328195153], [0.18738131458572466, 0.9818025512669427, -0.03085438817815579], [-8.6693374732963205e-19, -0.031410759078128236, -0.9995065603657315]], [[0.8763066800438636, -0.06037974575665194, 0.4779549024885755], [-0.4817536741017151, -0.10983034980389751, 0.8693967401315994], [-1.3877787807814457e-17, -0.9921147013144779, -0.12533323356430415]], [[0.9995065603657316, 0.025411837900423027, 0.01846278094943579], [-0.03141075907812839, 0.8086177933251261, 0.5874952157525535], [0.0, -0.5877852522924731, 0.8090169943749473]], [[0.8443279255020151, 0.05042575590633873, 0.5334487766962617], [-0.5358267949789964, 0.07945827695671481, 0.8405807682820291], [1.3877787807814457e-17, -0.99556196460308, 0.09410831331851428]], [[-0.39714789063478034, -0.8533066707761394, -0.3378480110542096], [0.9177546256839811, -0.3692587701323376, -0.1461998895895919], [0.0, -0.3681245526846779, 0.9297764858882515]], [[-0.031410759078128, 0.6371094594883142, -0.7701330410030749], [0.9995065603657316, 0.020021971372615226, -0.024202405835337462], [0.0, -0.7705132427757893, -0.6374239897486897]], [[0.42577929156507255, -0.5085882460220873, 0.7483648781727543], [-0.9048270524660195, -0.23932346242238325, 0.3521537809818563], [1.1102230246251565e-16, -0.8270805742745618, -0.5620833778521307]], [[0.6613118653236518, 0.3613687637788413, 0.6573273410920194], [-0.7501110696304595, 0.3185894208467279, 0.579512005175384], [0.0, -0.8763066800438637, 0.4817536741017151]], [[0.7289686274214117, 0.12827133660477097, -0.672421894676972], [0.6845471059286888, -0.1365950996979754, 0.716056588897244], [2.7755575615628914e-17, -0.9822872507286889, -0.18738131458572457]], [[-0.4539904997395469, 0.35386136162323784, 0.8177253590884805], [-0.8910065241883677, -0.18030136933979093, -0.4166518811525514], [-2.7755575615628914e-17, -0.9177546256839811, 0.39714789063478056]], [[0.7289686274214116, -0.6680609950124665, 0.14932932457590664], [-0.6845471059286885, -0.7114127024280371, 0.15901957926209542], [2.7087131480550626e-17, -0.21814324139654276, -0.9759167619387474]], [[0.7071067811865477, 0.6489505192864644, -0.280825966601787], [0.7071067811865475, -0.6489505192864646, 0.28082596660178705], [0.0, -0.39714789063478106, -0.9177546256839809]], [[-0.4817536741017155, 0.39783490759821655, -0.780794969108931], [0.8763066800438635, 0.21871159125680043, -0.4292456666763452], [-1.1102230246251565e-16, -0.8910065241883676, -0.4539904997395467]], [[-0.9955619646030802, 0.02340378582045617, 0.09115172760253044], [-0.0941083133185145, -0.2475861926427611, -0.9642845547746817], [0.0, -0.9685831611286313, 0.24868988716485477]], [[-0.6845471059286891, 0.7257334388496708, 0.06860200798874148], [-0.728968627421411, -0.6815090616417184, -0.06442157352601928], [1.3816197694292431e-17, -0.09410831331851431, 0.99556196460308]], [[0.21814324139654273, 0.9639016071582613, -0.15266701657768242], [0.9759167619387472, -0.2154575361069958, 0.034125121270010134], [0.0, -0.15643446504023098, -0.9876883405951378]], [[-0.18738131458572477, 0.4182375697286641, -0.8888000777517894], [0.9822872507286886, 0.07978308337684194, -0.1695476825638093], [-1.3877787807814457e-17, -0.9048270524660196, -0.4257792915650728]], [[0.6129070536529764, 0.6392488332024805, -0.4644414632994074], [0.7901550123756905, -0.4958522223775356, 0.36025772716325105], [8.981892944681073e-17, -0.5877852522924731, -0.8090169943749473]], [[-0.9822872507286888, 0.16695797380687336, 0.08506933665062621], [-0.1873813145857243, -0.8752243490263169, -0.4459490798461029], [-0.0, -0.4539904997395467, 0.8910065241883679]], [[-0.9822872507286888, -0.16695797380687333, 0.08506933665062623], [-0.1873813145857243, 0.8752243490263167, -0.4459490798461031], [2.4730398956128938e-17, -0.45399049973954697, -0.8910065241883679]], [[-0.8607420270039435, 0.35994663698188845, 0.3599466369818883], [-0.5090414157503715, -0.6086365241467431, -0.6086365241467427], [3.925231146709438e-17, -0.7071067811865475, 0.7071067811865476]], [[0.6613118653236518, -0.7408759576253524, -0.11734322389839628], [0.7501110696304596, 0.6531700188773929, 0.10345196787666265], [2.7413858422063385e-17, -0.15643446504023084, 0.9876883405951375]], [[-0.45399049973954714, -0.16695797380687374, -0.8752243490263166], [0.8910065241883678, -0.08506933665062646, -0.4459490798461031], [1.3877787807814457e-17, -0.9822872507286888, 0.1873813145857248]], [[-0.6613118653236516, -0.42162496378216374, 0.6204022942396665], [-0.7501110696304597, 0.3717124070748115, -0.5469581973464674], [1.1102230246251565e-16, -0.8270805742745617, -0.5620833778521309]], [[0.5090414157503711, 0.8265651335286599, -0.24013937012827866], [0.8607420270039436, -0.4888292572931329, 0.1420180275999713], [0.0, -0.27899110603922955, -0.960293685676943]], [[-0.75011106963046, -0.37171240707481135, 0.5469581973464672], [-0.6613118653236514, 0.4216249637821639, -0.6204022942396668], [-1.1102230246251565e-16, -0.8270805742745617, -0.5620833778521308]], [[0.33873792024529126, 0.9367051067973251, 0.08854470220010889], [-0.9408807689542253, 0.33723458936496364, 0.031878054331305784], [6.908098847146216e-18, -0.09410831331851428, 0.99556196460308]], [[-0.9297764858882516, 0.12469774536763588, 0.3463613122008896], [-0.3681245526846775, -0.314950553122762, -0.8748088149980958], [2.7755575615628914e-17, -0.9408807689542255, 0.3387379202452915]], [[0.770513242775789, -0.61739814297001, 0.1585209000867735], [-0.6374239897486897, -0.7463061523792462, 0.19161885140493776], [-2.68835831687306e-17, -0.24868988716485527, -0.968583161128631]], [[0.5877852522924732, -0.1013967159134869, -0.8026376537326375], [0.8090169943749472, 0.07366902631122618, 0.5831503900152021], [-1.3877787807814457e-17, -0.9921147013144778, 0.1253332335643045]], [[-0.06279051952931328, 0.727530174352239, 0.6831963085850505], [-0.9980267284282717, -0.045772318836360834, -0.0429830684235502], [-0.0, -0.6845471059286886, 0.7289686274214116]], [[0.12533323356430426, -0.9334616430635578, 0.3360668705680447], [-0.9921147013144779, -0.11792362917150215, 0.04245511887518976], [6.5286718320000204e-18, -0.33873792024529137, -0.9408807689542255]], [[0.6374239897486899, -0.21496634181989077, -0.7399190017680557], [0.770513242775789, 0.17783562391592544, 0.6121142324546712], [0.0, -0.9602936856769431, 0.2789911060392295]], [[-0.8270805742745617, 0.5085882460220875, -0.23932346242238348], [0.5620833778521309, 0.7483648781727543, -0.35215378098185646], [0.0, -0.42577929156507294, -0.9048270524660195]], [[-0.9955619646030803, -0.002956013556896864, -0.09406187654680845], [0.09410831331851399, -0.03127135701749554, -0.9950707148713747], [0.0, -0.9995065603657316, 0.031410759078128396]], [[-0.9759167619387474, 0.14426071387569508, -0.16363166013661598], [0.21814324139654237, 0.6453853342383312, -0.7320459661681685], [0.0, -0.7501110696304597, -0.6613118653236517]], [[-0.27899110603922883, -0.9484708768902487, -0.1502230290003842], [0.960293685676943, -0.275556262564688, -0.04364382442422908], [-6.853464605515846e-18, -0.15643446504023084, 0.9876883405951375]], [[-0.9980267284282717, -0.056814560708518515, -0.02673490292219384], [0.06279051952931321, -0.9030415829660575, -0.4249391133931966], [0.0, -0.4257792915650726, 0.9048270524660195]], [[-0.8270805742745617, 0.05289671863403716, 0.5595888319252025], [-0.5620833778521306, -0.0778351578234872, -0.8234099614098265], [0.0, -0.99556196460308, 0.09410831331851428]], [[0.8090169943749475, -0.03690734136311301, -0.586625392363843], [0.587785252292473, 0.050798597384846676, 0.8074205841389022], [-6.938893903907228e-18, -0.9980267284282717, 0.06279051952931353]], [[-0.3971478906347803, 0.14356845390707093, 0.9064555433153231], [-0.9177546256839813, -0.06212761781330797, -0.3922583410719253], [0.0, -0.9876883405951377, 0.1564344650402309]], [[0.12533323356430426, 0.5576511825315995, 0.8205587969094137], [-0.9921147013144779, 0.0704477272789542, 0.10366068279205257], [-1.3877787807814457e-17, -0.8270805742745617, 0.5620833778521307]], [[-0.3971478906347804, 0.17197006822779418, 0.9014986681066549], [-0.9177546256839813, -0.07441809383209277, -0.39011330962433627], [-2.7755575615628914e-17, -0.9822872507286886, 0.18738131458572477]], [[0.9510565162951538, 0.2907481472874239, -0.10467577399502052], [0.30901699437494723, -0.8948307863707112, 0.3221589063655525], [2.6114687328000088e-17, -0.338737